0 5
1 5
2 9
3 3
4 4
5 3
6 3
7 3
8 10
9 10
10 10
11 12
12 9
13 10
14 11
15 11
16 13
17 10
18 10
19 9
20 10
21 10
22 11
23 8
24 6
25 10
26 10
27 9
28 7
29 9
30 10
31 9
32 11
33 11
34 9
35 11
36 6
37 6
38 11
39 9
40 12
41 10
42 10
43 8
44 10
45 10
46 11
47 9
48 9
49 8
50 11
51 12
52 12
53 10
54 10
55 10
56 11
57 14
58 10
59 10
60 13
61 10
62 10
63 11
64 14
65 14
66 13
67 9
68 10
69 11
70 12
71 13
72 14
73 12
74 12
75 14
76 11
77 11
78 12
79 12
80 14
81 10
82 9
83 13
84 12
85 13
86 13
87 10
88 11
89 11
90 10
91 13
92 12
93 13
94 8
95 11
96 11
97 9
98 13
99 12
100 14
101 9
102 11
103 12
104 13
105 7
106 13
107 9
108 11
109 12
110 10
111 12
112 12
113 10
114 13
115 12
116 11
117 11
118 11
119 11
120 11
121 11
122 12
123 13
124 12
125 12
126 11
127 14
128 14
129 12
130 7
131 12
132 12
133 11
134 11
135 12
136 14
137 13
138 12
139 13
140 14
141 14
142 13
143 13
144 13
145 13
146 14
147 12
148 13
149 12
150 15
151 14
152 14
153 13
154 11
155 13
156 12
157 12
158 12
159 13
160 14
161 13
162 11
163 12
164 12
165 12
166 12
167 14
168 14
169 12
170 14
171 13
172 14
173 14
174 12
175 13
176 15
177 12
178 12
179 14
180 13
181 14
182 13
183 14
184 15
185 14
186 13
187 11
188 13
189 14
190 14
191 13
192 15
193 12
194 12
195 15
196 11
197 14
198 14
199 12
200 13
201 14
202 12
203 15
204 12
205 12
206 14
207 12
208 12
209 15
210 15
211 14
212 13
213 12
214 12
215 12
216 14
217 11
218 12
219 13
220 14
221 12
222 14
223 13
224 13
225 13
226 13
227 13
228 13
229 14
230 14
231 14
232 15
233 9
234 15
235 12
236 16
237 12
238 12
239 11
240 14
241 12
242 13
243 13
244 13
245 11
246 11
247 13
248 14
249 15
250 11
251 13
252 11
253 12
254 13
255 14
256 11
257 13
258 12
259 14
260 13
261 12
262 11
263 11
264 12
265 12
266 12
267 10
268 12
269 12
270 10
271 10
272 13
273 12
274 11
275 13
276 11
277 11
278 12
279 14
280 11
281 12
282 12
283 12
284 10
285 12
286 11
287 12
288 13
289 12
290 12
291 14
292 12
293 9
294 10
295 6
296 14
297 10
298 11
299 12
300 11
301 11
302 15
303 11
304 12
305 10
306 13
307 14
308 15
309 13
310 13
311 10
312 13
313 13
314 12
315 12
316 10
317 10
318 8
319 10
320 13
321 13
322 12
323 13
324 10
325 9
326 10
327 12
328 12
329 12
330 13
331 13
332 13
333 11
334 11
335 8
336 12
337 10
338 13
339 12
340 10
341 14
342 13
343 11
344 9
345 10
346 9
347 8
348 7
349 11
350 9
351 8
352 12
353 10
354 10
355 10
356 10
357 11
358 10
359 12
360 9
361 8
362 8
363 8
364 5
365 8
366 9
367 8
368 9
369 7
370 9
371 8
372 12
373 8
374 11
375 10
376 8
377 10
378 9
379 10
380 12
381 10
382 12
383 11
384 9
385 13
386 12
387 10
388 8
389 8
390 12
391 10
392 10
393 9
394 5
395 8
396 8
397 11
398 9
399 11
400 8
401 11
402 10
403 13
404 13
405 7
406 5
407 7
408 9
409 9
410 12
411 10
412 13
413 10
414 10
415 9
416 6
417 9
418 9
419 11
420 13
421 10
422 9
423 10
424 8
425 9
426 8
427 11
428 8
429 9
430 6
431 3
432 6
433 6
434 8
435 7
436 7
437 6
438 8
439 7
440 9
441 5
442 6
443 9
444 7
445 5
446 4
447 4
448 3
449 5
450 4
451 5
452 2
453 5
454 7
455 8
456 5
457 7
458 8
459 7
460 8
461 9
462 7
463 7
464 6
465 5
466 6
467 7
468 7
469 8
470 7
471 9
472 10
473 8
474 8
475 6
476 9
477 11
478 8
479 8
480 8
481 8
482 7
483 8
484 8
485 5
486 7
487 10
488 8
489 7
490 6
491 9
492 10
493 8
494 9
495 6
496 6
497 8
498 8
499 10
500 8
501 6
502 8
503 8
504 9
505 10
506 8
507 7
508 7
509 6
510 8
511 6
512 9
513 9
514 7
515 11
516 9
517 7
518 9
519 6
520 7
521 8
522 9
523 11
524 7
525 7
526 6
527 8
528 8
529 11
530 8
531 7
532 8
533 9
534 8
535 6
536 7
537 8
538 5
539 5
540 3
541 6
542 6
543 6
544 7
545 7
546 6
547 7
548 4
549 8
550 4
551 3
552 5
553 5
554 6
555 6
556 6
557 6
558 4
559 5
560 7
561 7
562 5
563 6
564 7
565 5
566 6
567 5
568 7
569 7
570 6
571 5
572 7
573 6
574 5
575 5
576 8
577 7
578 3
579 9
580 6
581 8
582 9
583 8
584 8
585 9
586 8
587 8
588 6
589 7
590 10
591 9
592 9
593 6
594 8
595 8
596 10
597 9
598 7
599 8
600 9
601 8
602 10
603 8
604 7
605 10
606 10
607 9
608 10
609 10
610 4
611 5
612 8
613 4
614 8
615 8
616 8
617 6
618 6
619 6
620 6
621 5
622 5
623 7
624 5
625 8
626 7
627 7
628 6
629 5
630 7
631 6
632 7
633 7
634 9
635 9
636 9
637 9
638 10
639 8
640 7
641 6
642 6
643 7
644 8
645 7
646 8
647 7
648 7
649 6
650 6
651 5
652 4
653 7
654 7
655 5
656 6
657 9
658 7
659 8
660 6
661 7
662 5
663 5
664 5
665 6
666 4
667 7
668 8
669 9
670 5
671 7
672 6
673 3
674 7
675 3
676 6
677 4
678 5
679 4
680 4
681 5
682 5
683 7
684 6
685 5
686 5
687 5
688 5
689 5
690 4
691 5
692 6
693 6
694 7
695 5
696 7
697 8
698 8
699 8
700 6
701 7
702 6
703 4
704 7
705 8
706 5
707 4
708 5
709 7
710 5
711 7
712 4
713 4
714 3
715 4
716 7
717 4
718 6
719 5
720 7
721 5
722 5
723 6
724 3
725 4
726 7
727 7
728 5
729 6
730 8
731 6
732 9
733 6
734 7
735 6
736 7
737 8
738 7
739 7
740 7
741 7
742 7
743 7
744 6
745 9
746 3
747 5
748 5
749 8
750 8
751 3
752 7
753 6
754 5
755 6
756 5
757 6
758 8
759 8
760 7
761 5
762 5
763 7
764 7
765 6
766 7
767 8
768 6
769 8
770 6
771 7
772 7
773 7
774 5
775 7
776 5
777 8
778 4
779 7
780 7
781 7
782 6
783 5
784 8
785 7
786 7
787 5
788 6
789 6
790 6
791 5
792 6
793 4
794 3
795 5
796 4
797 6
798 6
799 6
800 5
801 6
802 5
803 6
804 5
805 5
806 7
807 7
808 5
809 6
810 5
811 7
812 7
813 5
814 6
815 6
816 6
817 6
818 6
819 6
820 7
821 5
822 6
823 6
824 5
825 5
826 7
827 7
828 5
829 10
830 9
831 9
832 11
833 8
834 9
835 11
836 12
837 12
838 9
839 10
840 13
841 12
842 11
843 9
844 8
845 10
846 11
847 11
848 11
849 10
850 11
851 8
852 14
853 12
854 12
855 10
856 11
857 11
858 14
859 15
860 13
861 12
862 9
863 13
864 11
865 10
866 11
867 12
868 13
869 14
870 15
871 12
872 13
873 13
874 11
875 14
876 12
877 12
878 12
879 9
880 14
881 14
882 14
883 15
884 18
885 17
886 15
887 11
888 11
889 11
890 10
891 10
892 11
893 10
894 9
895 13
896 10
897 12
898 10
899 12
900 11
901 12
902 10
903 6
904 7
905 13
906 13
907 12
908 13
909 14
910 13
911 15
912 14
913 12
914 11
915 11
916 10
917 12
918 11
919 12
920 9
921 14
922 9
923 10
924 12
925 8
926 11
927 10
928 11
929 12
930 12
931 13
932 13
933 14
934 14
935 14
936 13
937 13
938 13
939 11
940 12
941 12
942 12
943 12
944 13
945 11
946 14
947 14
948 11
949 11
950 12
951 11
952 12
953 10
954 9
955 11
956 12
957 13
958 15
959 12
960 14
961 14
962 12
963 13
964 17
965 13
966 16
967 14
968 13
969 14
970 12
971 11
972 16
973 13
974 13
975 14
976 14
977 13
978 10
979 11
980 13
981 12
982 14
983 13
984 14
985 13
986 15
987 16
988 15
989 15
990 13
991 13
992 14
993 13
994 16
995 12
996 14
997 14
998 14
999 13
1000 12
1001 11
1002 15
1003 14
1004 14
1005 16
1006 15
1007 16
1008 17
1009 12
1010 12
1011 13
1012 15
1013 14
1014 14
1015 13
1016 14
1017 12
1018 12
1019 11
1020 10
1021 12
1022 12
1023 13
1024 13
1025 15
1026 12
1027 15
1028 12
1029 14
1030 15
1031 13
1032 13
1033 11
1034 13
1035 12
1036 12
1037 13
1038 13
1039 13
1040 12
1041 11
1042 13
1043 13
1044 14
1045 13
1046 14
1047 12
1048 13
1049 14
1050 15
1051 16
1052 13
1053 12
1054 12
1055 14
1056 14
1057 14
1058 14
1059 14
1060 17
1061 13
1062 12
1063 13
1064 13
1065 11
1066 12
1067 10
1068 10
1069 12
1070 8
1071 9
1072 9
1073 10
1074 9
1075 9
1076 9
1077 8
1078 8
1079 10
1080 8
1081 8
1082 9
1083 7
1084 7
1085 10
1086 9
1087 6
1088 7
1089 8
1090 10
1091 8
1092 7
1093 6
1094 10
1095 8
1096 8
1097 9
1098 8
1099 10
1100 9
1101 10
1102 12
1103 8
1104 10
1105 10
1106 9
1107 8
1108 10
1109 10
1110 9
1111 9
1112 8
1113 9
1114 10
1115 10
1116 8
1117 11
1118 11
1119 10
1120 9
1121 8
1122 10
1123 9
1124 10
1125 8
1126 7
1127 11
1128 11
1129 10
1130 9
1131 10
1132 8
1133 9
1134 9
1135 11
1136 11
1137 10
1138 8
1139 12
1140 6
1141 9
1142 12
1143 12
1144 13
1145 11
1146 10
1147 12
1148 11
1149 14
1150 10
1151 13
1152 10
1153 13
1154 12
1155 12
1156 12
1157 7
1158 11
1159 6
1160 9
1161 9
1162 10
1163 9
1164 9
1165 8
1166 9
1167 10
1168 11
1169 12
1170 11
1171 11
1172 12
1173 7
1174 8
1175 11
1176 11
1177 11
1178 13
1179 13
1180 11
1181 9
1182 10
1183 8
1184 7
1185 13
1186 7
1187 9
1188 9
1189 7
1190 6
1191 10
1192 11
1193 10
1194 10
1195 10
1196 9
1197 9
1198 9
1199 9
1200 10
1201 10
1202 10
1203 10
1204 9
1205 10
1206 9
1207 9
1208 13
1209 10
1210 11
1211 10
1212 9
1213 8
1214 11
1215 10
1216 9
1217 9
1218 11
1219 9
1220 11
1221 10
1222 11
1223 9
1224 10
1225 11
1226 9
1227 10
1228 10
1229 12
1230 12
1231 10
1232 11
1233 9
1234 9
1235 9
1236 9
1237 9
1238 10
1239 11
1240 10
1241 10
1242 10
1243 10
1244 11
1245 12
1246 12
1247 12
1248 10
1249 9
1250 12
1251 10
1252 10
1253 11
1254 10
1255 13
1256 11
1257 11
1258 10
1259 9
1260 8
1261 10
1262 10
1263 8
1264 8
1265 9
1266 9
1267 8
1268 10
1269 11
1270 9
1271 10
1272 11
1273 8
1274 8
1275 6
1276 5
1277 5
1278 11
1279 10
1280 11
1281 10
1282 11
1283 9
1284 9
1285 12
1286 9
1287 10
1288 10
1289 10
1290 9
1291 8
1292 8
1293 8
1294 9
1295 9
1296 6
1297 6
1298 9
1299 8
1300 7
1301 8
1302 8
1303 8
1304 7
1305 8
1306 7
1307 7
1308 6
1309 5
1310 5
1311 5
1312 4
1313 4
1314 8
1315 3
1316 5
1317 7
1318 4
1319 3
1320 3
1321 4
1322 3
1323 5
1324 5
1325 5
1326 9
1327 5
1328 5
1329 5
1330 6
1331 9
1332 7
1333 9
1334 9
1335 9
1336 8
1337 9
1338 9
1339 4
1340 9
1341 7
1342 6
1343 9
1344 10
1345 8
1346 8
1347 8
1348 12
1349 7
1350 7
1351 9
1352 10
1353 9
1354 5
1355 7
1356 7
1357 10
1358 6
1359 7
1360 6
1361 7
1362 8
1363 8
1364 10
1365 9
1366 8
1367 3
1368 10
1369 12
1370 8
1371 11
1372 10
1373 11
1374 8
1375 10
1376 8
1377 9
1378 9
1379 9
1380 10
1381 8
1382 9
1383 10
1384 9
1385 10
1386 8
1387 7
1388 10
1389 11
1390 10
1391 10
1392 8
1393 11
1394 11
1395 10
1396 11
1397 9
1398 12
1399 11
1400 9
1401 9
1402 10
1403 12
1404 12
1405 10
1406 10
1407 10
1408 9
1409 11
1410 9
1411 9
1412 8
1413 8
1414 9
1415 7
1416 8
1417 8
1418 10
1419 10
1420 10
1421 7
1422 10
1423 9
1424 9
1425 8
1426 10
1427 6
1428 10
1429 9
1430 7
1431 10
1432 8
1433 8
1434 9
1435 8
1436 7
1437 7
1438 12
1439 11
1440 10
1441 10
1442 10
1443 9
1444 9
1445 12
1446 9
1447 10
1448 11
1449 8
1450 9
1451 11
1452 9
1453 8
1454 8
1455 7
1456 9
1457 11
1458 12
1459 11
1460 10
1461 10
1462 10
1463 12
1464 9
1465 10
1466 8
1467 9
1468 7
1469 10
1470 9
1471 11
1472 11
1473 11
1474 11
1475 11
1476 10
1477 7
1478 11
1479 9
1480 11
1481 11
1482 10
1483 8
1484 9
1485 11
1486 10
1487 9
1488 10
1489 12
1490 8
1491 11
1492 12
1493 9
1494 9
1495 12
1496 9
1497 9
1498 8
1499 12
1500 10
1501 9
1502 10
1503 9
1504 9
1505 10
1506 11
1507 10
1508 11
1509 8
1510 10
1511 10
1512 8
1513 8
1514 7
1515 8
1516 9
1517 8
1518 9
1519 8
1520 9
1521 8
1522 9
1523 12
1524 12
1525 11
1526 10
1527 9
1528 8
1529 8
1530 9
1531 11
1532 12
1533 12
1534 12
1535 9
1536 11
1537 10
1538 10
1539 6
1540 10
1541 11
1542 8
1543 6
1544 7
1545 8
1546 10
1547 10
1548 9
1549 11
1550 7
1551 11
1552 8
1553 9
1554 10
1555 11
1556 10
1557 10
1558 9
1559 9
1560 8
1561 9
1562 9
1563 7
1564 11
1565 8
1566 7
1567 9
1568 7
1569 10
1570 8
1571 7
1572 8
1573 7
1574 12
1575 10
1576 11
1577 10
1578 12
1579 8
1580 11
1581 10
1582 9
1583 10
1584 10
1585 11
1586 10
1587 10
1588 10
1589 7
1590 10
1591 8
1592 9
1593 7
1594 9
1595 11
1596 10
1597 11
1598 8
1599 8
1600 11
1601 6
1602 6
1603 2
1604 4
1605 9
1606 5
1607 5
1608 2
1609 9
1610 7
1611 8
1612 7
1613 6
1614 4
1615 9
1616 9
1617 6
1618 9
1619 8
1620 9
1621 7
1622 10
1623 7
1624 7
1625 6
1626 9
1627 6
1628 8
1629 3
1630 6
1631 5
1632 7
1633 5
1634 8
1635 11
1636 8
1637 10
1638 11
1639 8
1640 9
1641 9
1642 7
1643 5
1644 8
1645 8
1646 6
1647 8
1648 5
1649 5
1650 6
1651 6
1652 6
1653 7
1654 7
1655 6
1656 6
1657 9
1658 8
1659 5
1660 8
1661 7
1662 5
1663 9
1664 8
1665 10
1666 7
1667 9
1668 10
1669 9
1670 9
1671 8
1672 11
1673 10
1674 10
1675 8
1676 9
1677 11
1678 10
1679 12
1680 9
1681 9
1682 9
1683 8
1684 10
1685 11
1686 10
1687 10
1688 9
1689 12
1690 9
1691 9
1692 10
1693 7
1694 12
1695 9
1696 11
1697 11
1698 10
1699 8
1700 9
1701 9
1702 7
1703 8
1704 7
1705 8
1706 9
1707 6
1708 9
1709 10
1710 13
1711 12
1712 11
1713 9
1714 8
1715 10
1716 7
1717 7
1718 8
1719 6
1720 7
1721 8
1722 7
1723 12
1724 11
1725 10
1726 8
1727 10
1728 8
1729 9
1730 9
1731 10
1732 11
1733 8
1734 10
1735 7
1736 10
1737 12
1738 8
1739 11
1740 10
1741 8
1742 10
1743 10
1744 9
1745 8
1746 10
1747 10
1748 11
1749 8
1750 10
1751 10
1752 10
1753 8
1754 9
1755 9
1756 11
1757 10
1758 8
1759 9
1760 10
1761 6
1762 12
1763 12
1764 10
1765 11
1766 10
1767 10
1768 8
1769 14
1770 15
1771 12
1772 9
1773 9
1774 8
1775 13
1776 9
1777 10
1778 8
1779 10
1780 10
1781 9
1782 11
1783 11
1784 10
1785 11
1786 8
1787 7
1788 10
1789 9
1790 11
1791 10
1792 9
1793 9
1794 11
1795 8
1796 8
1797 5
1798 5
1799 6
1800 9
1801 10
1802 11
1803 10
1804 11
1805 11
1806 8
1807 10
1808 11
1809 11
1810 8
1811 7
1812 9
1813 9
1814 7
1815 10
1816 10
1817 10
1818 10
1819 8
1820 7
1821 11
1822 6
1823 8
1824 4
1825 6
1826 9
1827 4
1828 10
1829 4
1830 6
1831 9
1832 10
1833 10
1834 7
1835 9
1836 9
1837 12
1838 11
1839 11
1840 10
1841 10
1842 9
1843 8
1844 9
1845 9
1846 10
1847 10
1848 11
1849 9
1850 11
1851 8
1852 8
1853 9
1854 10
1855 10
1856 10
1857 9
1858 9
1859 9
1860 9
1861 11
1862 9
1863 9
1864 7
1865 9
1866 10
1867 9
1868 9
1869 7
1870 7
1871 9
1872 9
1873 8
1874 9
1875 7
1876 7
1877 9
1878 11
1879 9
1880 10
1881 11
1882 9
1883 10
1884 10
1885 9
1886 8
1887 8
1888 8
1889 8
1890 7
1891 9
1892 9
1893 11
1894 10
1895 12
1896 11
1897 10
1898 10
1899 10
1900 10
1901 9
1902 10
1903 10
1904 8
1905 9
1906 8
1907 8
1908 10
1909 9
1910 9
1911 8
1912 10
1913 10
1914 8
1915 11
1916 8
1917 4
1918 9
1919 8
1920 8
1921 8
1922 6
1923 4
1924 10
1925 10
1926 9
1927 10
1928 8
1929 10
1930 11
1931 8
1932 11
1933 9
1934 10
1935 10
1936 9
1937 11
1938 6
1939 8
1940 10
1941 8
1942 11
1943 10
1944 7
1945 8
1946 10
1947 10
1948 11
1949 10
1950 5
1951 9
1952 10
1953 9
1954 9
1955 8
1956 8
1957 10
1958 9
1959 9
1960 11
1961 9
1962 9
1963 11
1964 9
1965 9
1966 9
1967 8
1968 10
1969 6
1970 9
1971 8
1972 9
1973 10
1974 10
1975 10
1976 9
1977 11
1978 8
1979 7
1980 7
1981 10
1982 11
1983 10
1984 10
1985 12
1986 11
1987 11
1988 11
1989 9
1990 8
1991 6
1992 8
1993 10
1994 11
1995 11
1996 10
1997 10
1998 10
1999 11
2000 9
2001 9
2002 10
2003 9
2004 10
2005 11
2006 10
2007 9
2008 9
2009 8
2010 8
2011 8
2012 8
2013 10
2014 9
