0 130.868047472
1 130.86801451
2 113.386985951
3 124.335675286
4 115.817111228
5 100.440000797
6 98.2702146452
7 98.2574882424
8 74.3976426984
9 80.2992436314
10 75.0881317031
11 74.471060617
12 62.9304673022
13 41.7281373612
14 39.5184050033
15 38.4315055981
16 77.2909651747
17 43.7102317602
18 58.3344030767
19 71.3096484277
20 58.2195826517
21 47.1640786807
22 25.2370820365
23 38.652129877
24 38.7808014341
25 15.7122776226
26 36.7558674485
27 25.976989953
28 37.2286279206
29 53.9508267638
30 52.973419715
31 45.0708780983
32 53.1339442102
33 31.1307241027
34 51.8396899384
35 37.9266499709
36 45.1010358079
37 49.786788083
38 49.3187168821
39 43.915661782
40 62.6022072651
41 66.7981717615
42 83.5503179284
43 70.4640859833
44 80.536682807
45 66.1683523062
46 81.3789852358
47 79.8848790791
48 77.9098702683
49 66.0761595198
50 64.320611625
51 57.9174417516
52 76.9231779706
53 61.2192641842
54 71.8730980973
55 75.6546171082
56 84.7612367087
57 55.9499572001
58 76.3352221086
59 54.299814095
60 52.1829778102
61 56.8397359197
62 42.5360993041
63 47.2804181804
64 47.1420919608
65 57.9566213511
66 46.9650046678
67 51.5237204209
68 87.7026298491
69 51.1971334513
70 43.4595565486
71 62.7756399571
72 73.7307524841
73 27.0149122873
74 8.88933789334
75 7.2023943614
76 27.2460142326
77 37.666542946
78 80.041155614
79 39.427265467
80 47.204907482
81 20.6683648641
82 16.7198294952
83 22.587225652
84 49.706002599
85 23.454205155
86 17.4793285331
87 22.2848910439
88 36.1070719428
89 30.7885908991
90 41.6289742019
91 36.7079438796
92 345.440070909
93 85.9088271307
94 94.1862321307
95 55.1099845136
96 76.8460591348
97 81.6580490468
98 84.9344210256
99 83.4805778757
100 52.0407532168
101 105.026733673
102 77.7864913689
103 82.893353841
104 68.0096459377
105 84.9305313374
106 91.9716669837
107 110.188908074
108 124.272187255
109 106.365366234
110 98.0508581091
111 101.871353361
112 87.7988857608
113 82.4281217272
114 87.9270233921
115 44.10021336
116 50.6469041809
117 85.1057252772
118 90.5902009495
119 86.8660700222
120 56.5192844726
121 78.6750342569
122 70.1582779066
123 68.026683221
124 87.0398230086
125 105.195621969
126 106.229136696
127 92.9835872289
128 84.2899811725
129 111.256677199
130 127.029783589
131 136.291797513
132 128.000370646
133 121.241583752
134 114.378678399
135 112.646666653
136 146.841551451
137 169.166340551
138 178.479720706
139 169.374665917
140 191.414785527
141 184.978158415
142 170.063654958
143 167.638752603
144 163.351759832
145 185.152482546
146 182.37737001
147 198.410335252
148 179.360892929
149 203.290471903
150 213.29136103
151 213.342094268
152 217.870719357
153 213.027384443
154 188.327895524
155 196.392941389
156 225.723844687
157 207.212341588
158 227.011973175
159 224.818236402
160 231.583416119
161 234.589390293
162 217.679947372
163 219.731248456
164 229.446791706
165 226.959441861
166 230.430625537
167 242.66867184
168 240.602086601
169 211.88390477
170 228.042587629
171 248.383369959
172 219.435833912
173 242.374585858
174 259.130451224
175 263.280841699
176 279.863052862
177 248.005579484
178 247.092805611
179 278.333496236
180 266.193357024
181 253.629176449
182 234.354075044
183 247.728068529
184 253.676700094
185 252.964320829
186 266.172671518
187 270.2483149
188 279.380822305
189 274.067521669
190 276.256867926
191 268.885737942
192 256.926457609
193 265.799113661
194 256.377486344
195 254.958074852
196 265.634581834
197 268.466201328
198 272.383786504
199 284.766400424
200 287.626798114
201 267.369718983
202 282.848735115
203 280.244480609
204 287.242739669
205 306.462502146
206 303.541665942
207 269.440215256
208 267.623282722
209 279.541221523
210 281.937714781
211 244.42277423
212 276.638982743
213 304.119511618
214 284.49945543
215 307.211411167
216 280.725572762
217 296.804879979
218 285.160665649
219 268.621784004
220 281.603488447
221 266.000243836
222 281.013064894
223 290.297052106
224 266.099508885
225 258.148972937
226 285.789234225
227 290.552828874
228 294.663240997
229 312.028809424
230 314.661902069
231 306.647343414
232 299.890380246
233 301.117862947
234 288.963207925
235 280.897191092
236 292.475711802
237 289.540928824
238 292.707886537
239 301.219367453
240 293.34009587
241 291.937658462
242 291.918016577
243 292.344336439
244 285.879721782
245 298.468684704
246 308.147403352
247 332.183425481
248 307.230137132
249 319.645683605
250 320.348256177
251 307.605019195
252 337.066502576
253 324.68125354
254 339.196101656
255 330.274352593
256 302.621987822
257 310.779428491
258 301.837212956
259 298.260770065
260 313.197714673
261 326.78025576
262 314.958204004
263 302.780368102
264 306.440379158
265 301.053177383
266 293.725377861
267 275.577160849
268 297.626999407
269 299.822853316
270 283.290116373
271 307.661322511
272 289.888771856
273 292.325827368
274 309.897594016
275 324.454743837
276 335.66178969
277 320.092676648
278 357.767887829
279 344.373941178
280 326.240814974
281 303.889314346
282 314.968809727
283 285.104530592
284 304.75322391
285 313.106627066
286 316.07301771
287 299.228159768
288 300.148244742
289 287.557421557
290 277.377882655
291 288.214053577
292 283.906220524
293 275.256450776
294 292.887585643
295 268.451498221
296 269.045333084
297 256.439303063
298 274.502302658
299 266.532367092
300 213.947372033
301 227.005413498
302 224.892879273
303 223.168849116
304 204.113974625
305 196.70390053
306 211.220707069
307 274.141934814
308 265.016476784
309 240.223776296
310 233.946567155
311 287.936166911
312 278.676682189
313 246.296569527
314 281.278077741
315 283.278965152
316 257.268193404
317 261.690452156
318 275.583032329
319 294.782474617
320 274.161414211
321 277.131693447
322 249.872680004
323 278.684249475
324 290.043378518
325 300.895525937
326 279.453366376
327 279.42285138
328 266.789470368
329 244.557839991
330 263.568508091
331 278.039750329
332 251.18248012
333 277.371308351
334 223.662001226
335 247.138707317
336 228.479752445
337 216.463309393
338 209.445420137
339 200.872470554
340 229.896381158
341 181.82971885
342 213.87450852
343 216.243971435
344 222.288375546
345 230.679044491
346 229.249239829
347 214.497470176
348 227.011064241
349 213.585199185
350 213.641866796
351 229.903869403
352 221.558310239
353 240.913355292
354 219.506183836
355 229.08043897
356 221.493850672
357 208.108950932
358 234.106912176
359 213.037127311
360 227.059390093
361 224.591987089
362 202.336859775
363 204.229189553
364 200.723422348
365 205.234093492
366 191.598550482
367 168.530988254
368 162.288099794
369 233.265778816
370 166.827064267
371 183.566156185
372 185.061595142
373 166.754635332
374 225.566750282
375 201.772429607
376 195.901939999
377 257.536172443
378 222.593321747
379 227.562051313
380 213.283213061
381 179.732655638
382 224.204774935
383 221.204196528
384 225.101812926
385 246.027379345
386 261.460082738
387 248.263664175
388 252.930858278
389 250.231090782
390 251.827610988
391 246.398872096
392 260.489182325
393 269.937697961
394 292.795172359
395 279.668989242
396 267.040224026
397 243.179714335
398 240.525107641
399 257.276780072
400 240.887997351
401 261.383244519
402 259.275256674
403 250.884583526
404 242.334610071
405 247.67604834
406 256.740448563
407 252.7498926
408 281.027114733
409 284.393174595
410 267.449110456
411 283.309058719
412 290.657504841
413 288.271325053
414 303.183698968
415 284.420945892
416 272.742557537
417 260.10701364
418 272.43956789
419 281.856032528
420 290.122573133
421 274.287058084
422 287.318012756
423 284.617842668
424 284.87364958
425 300.206390643
426 305.03753975
427 283.459059436
428 268.914930609
429 267.251777543
430 274.359057527
431 264.105718459
432 266.787341195
433 275.735441629
434 260.236155052
435 260.113621323
436 262.316657909
437 278.480707336
438 262.00867442
439 258.761929324
440 245.280196863
441 240.90947577
442 261.052602257
443 268.061714437
444 269.485170589
445 251.908406482
446 260.550940652
447 272.474681172
448 270.539471691
449 288.473751592
450 281.155872923
451 250.089211891
452 250.177096922
453 242.230802332
454 257.874723675
455 252.953325044
456 255.660113119
457 255.132997878
458 239.695882359
459 260.770265577
460 266.373172851
461 248.076224544
462 250.611277917
463 265.341413694
464 257.433280987
465 255.341662953
466 243.126519892
467 241.901006001
468 245.812926138
469 258.590756912
470 250.682568261
471 258.753103551
472 258.02595855
473 257.093732142
474 270.895784334
475 255.510867424
476 253.773936215
477 251.424498941
478 245.7500184
479 241.714286607
480 241.370614227
481 241.556831943
482 230.234043458
483 242.493246236
484 260.233984666
485 249.465967946
486 263.920038213
487 251.131971663
488 253.103616642
489 247.697427142
490 253.587438434
491 251.422367015
492 251.377723123
493 254.959241537
494 253.794571371
495 249.410591944
496 277.075622571
497 266.231755791
498 264.352304342
499 276.18225204
500 272.504262128
501 252.04380396
502 263.835909741
503 257.714839804
504 255.532698374
505 258.076442262
506 262.866033109
507 276.099191545
508 263.696813946
509 262.380516763
510 264.985152955
511 272.141389785
512 259.477404607
513 269.214515744
514 255.164150293
515 255.481190111
516 258.802424098
517 256.866250654
518 266.949566855
519 247.356555185
520 237.342879698
521 255.834903829
522 277.011937033
523 275.343063227
524 280.046399426
525 300.694922794
526 295.074920244
527 306.270854937
528 283.673443698
529 290.071938907
530 279.716592578
531 273.244060194
532 288.332787606
533 281.570275584
534 273.254346477
535 274.656092345
536 276.661958957
537 273.887601182
538 281.169876334
539 284.099545018
540 279.687173529
541 258.82569901
542 259.949299015
543 263.879347587
544 265.444070613
545 254.699052257
546 249.470928218
547 263.446827415
548 272.202712469
549 277.100764391
550 271.977770531
551 256.714229992
552 261.061834614
553 275.001629984
554 264.547593936
555 250.184856778
556 240.192713602
557 258.854559944
558 230.659979036
559 247.828936833
560 257.874359478
561 255.916478575
562 271.49434887
563 257.508772577
564 257.272596807
565 249.334784896
566 246.568976432
567 249.237509314
568 240.865959329
569 254.66138161
570 256.050929587
571 268.133945528
572 264.322483863
573 268.654554733
574 249.499576593
575 260.496449662
576 261.607608046
577 243.761449353
578 258.082560632
579 262.251332737
580 246.82889435
581 254.502277051
582 270.152485831
583 255.708252666
584 267.40291132
585 272.586272329
586 255.078589269
587 265.274908097
588 264.449403909
589 264.005402382
590 264.87325422
591 261.083212671
592 263.430932601
593 255.638576842
594 245.877155738
595 260.138126291
596 258.770852094
597 252.398830903
598 253.254236654
599 261.16474901
600 266.642917282
601 261.900620406
602 255.233733721
603 260.09260289
604 247.546344288
605 254.985603202
606 250.808375
607 234.377770977
608 242.6984747
609 247.382226504
610 251.694698897
611 255.341586962
612 276.401032291
613 269.246076273
614 276.459151971
615 284.168758916
616 280.850915147
617 272.356547696
618 274.026075915
619 293.611445391
620 284.834433048
621 286.930779906
622 263.54712134
623 270.073745553
624 263.768209729
625 269.571445909
626 264.137662111
627 282.875340733
628 275.426404954
629 269.488029458
630 264.988721165
631 248.25229326
632 248.778477508
633 269.796400415
634 266.94309568
635 266.330747214
636 286.249258989
637 281.680954932
638 257.706606417
639 250.302044434
640 256.305021447
641 246.123939593
642 264.161378866
643 267.06899738
644 258.877814601
645 269.402168506
646 225.406912598
647 246.330429756
648 239.130803847
649 220.831241339
650 263.074577265
651 248.448521506
652 258.531097999
653 257.094127523
654 253.987634074
655 235.374538906
656 234.738293501
657 225.054650997
658 218.97189898
659 208.50979856
660 213.059851737
661 216.259329014
662 212.594808208
663 205.850747129
664 196.031673344
665 220.188280505
666 218.012937642
667 237.878220598
668 242.445123719
669 232.813128933
670 237.04766445
671 200.0181415
672 220.407403215
673 209.654070178
674 225.897534105
675 234.152628905
676 235.119768541
677 255.000697589
678 253.66898507
679 218.545308732
680 240.293958588
681 257.361380957
682 239.036656
683 219.451861486
684 222.138222213
685 222.399555245
686 240.093812897
687 251.155731487
688 247.083692959
689 243.233044942
690 264.38001401
691 250.388200043
692 252.654761226
693 261.95480635
694 255.400880204
695 235.163836854
696 250.259313556
697 248.212097073
698 221.949452962
699 199.010058164
700 191.042198287
701 196.662189549
702 186.014669208
703 213.502200005
704 215.278368484
705 201.889239708
706 222.710940381
707 235.273373938
708 192.105763942
709 212.372242715
710 203.990260132
711 221.518916821
712 232.681697025
713 223.988143413
714 229.081007683
715 216.346953249
716 228.16392572
717 224.896319906
718 241.57430776
719 245.226466866
720 269.38155379
721 238.672209847
722 238.985276301
723 252.085783317
724 239.545950207
725 221.820566523
726 243.175070318
727 227.520075497
728 209.922426143
729 209.539711156
730 204.270959857
731 210.272234461
732 222.199492881
733 200.709243651
734 229.665165162
735 226.653026575
736 236.736071773
737 226.891622145
738 211.70282308
739 214.418081732
740 233.08807294
741 240.239292645
742 229.342122519
743 236.326169814
744 248.772307469
745 252.284624211
746 238.225062926
747 254.39472189
748 231.330062575
749 238.594780624
750 257.383127
751 252.993680485
752 214.214515307
753 219.908624425
754 225.071604534
755 240.615453468
756 225.820796958
757 228.60969201
758 236.186082561
759 231.922591607
760 252.825332684
761 247.319788296
762 242.969023182
763 241.905663114
764 236.702856141
765 243.647214184
766 242.528364398
767 243.433462059
768 232.523182035
769 230.228004596
770 226.715546247
771 234.310260325
772 242.607792238
773 244.652477445
774 245.175808033
775 253.061469661
776 252.483891491
777 283.418187824
778 287.200896307
779 270.003191127
780 258.06774527
781 256.154055679
782 267.594221665
783 260.39428635
784 273.168864084
785 262.894367446
786 233.222100578
787 240.756605513
788 268.218831696
789 255.841390728
790 252.670440697
791 262.632442253
792 253.113962447
793 264.071909513
794 265.643409177
795 259.412000992
796 254.171947981
797 230.496295706
798 256.192014596
799 257.219324617
800 241.579311051
801 219.292617948
802 259.570760527
803 257.979326848
804 231.290785002
805 254.181111562
806 255.167822858
807 259.804708028
808 235.45154737
809 234.987358738
810 238.680354437
811 247.737256683
812 221.336067287
813 224.280130591
814 238.577679973
815 231.728979226
816 250.822958223
817 249.741793671
818 241.85197942
819 234.698303064
820 234.697482206
821 241.082426414
822 244.303602284
823 255.715640043
824 276.505279091
825 278.489915425
826 251.453824171
827 255.416413191
828 281.026050673
829 292.778495472
830 283.99109729
831 299.966302933
832 238.172179807
833 250.275630538
834 268.859820819
835 265.776604491
836 280.421483418
837 271.240023862
838 279.552568485
839 268.335529707
840 284.98955086
841 273.391286777
842 267.020629921
843 264.614476422
844 288.483127981
845 289.750281609
846 282.575101532
847 290.737094634
848 301.196006859
849 294.837339729
850 307.3532179
851 303.4047638
852 273.55841496
853 285.111857017
854 271.283312023
855 260.137993186
856 309.528209671
857 294.81567174
858 286.623853087
859 274.37711585
860 270.239681355
861 286.524655028
862 258.688698487
863 262.940461778
864 283.562319812
865 276.607566077
866 298.127123873
867 286.389352873
868 269.812320997
869 268.170794668
870 253.763582977
871 258.892970147
872 238.13749779
873 237.725490249
874 242.788612425
875 222.317026369
876 239.350143887
877 265.254418712
878 283.7113197
879 257.192009588
880 283.996934489
881 280.411071782
882 260.332838267
883 246.164280788
884 249.79501648
885 247.1864712
886 250.831056662
887 267.80632618
888 270.125833825
889 268.913124314
890 261.883821668
891 261.632190556
892 269.241276427
893 258.622973484
894 266.441310123
895 235.114626251
896 236.346660316
897 242.342496706
898 228.80190596
899 263.187279522
900 282.173885942
901 270.682631538
902 260.667928123
903 275.357320473
904 275.912921949
905 273.351114458
906 283.875925025
907 277.782750752
908 276.947733398
909 281.478517227
910 283.107300926
911 280.707483288
912 298.882618011
913 309.707289765
914 287.107939842
915 282.906103022
916 311.421146205
917 298.433462818
918 242.224730966
919 267.915080625
920 314.286157567
921 66.7667822636
922 309.276135855
923 258.671662866
924 246.561329339
925 276.683647033
926 286.789318211
927 349.330673822
928 331.616312471
929 310.158832558
930 328.493754523
931 351.203488026
932 339.917854734
933 326.790901341
934 320.501485086
935 318.316010844
936 346.641469247
937 338.592456228
938 342.245035986
939 354.808179407
940 342.450820736
941 346.409117648
942 349.713466692
943 307.1070023
944 307.069350348
945 309.398984202
946 321.161531803
947 316.513950817
948 313.974513607
949 275.087301484
950 302.914910945
951 281.78088246
952 293.459068828
953 269.002219346
954 266.863857423
955 266.531837818
956 303.076818311
957 273.806678545
958 253.346149446
959 271.373564037
960 270.814153226
961 270.099014078
962 247.07723229
963 259.660028751
964 252.696081168
965 257.889327254
966 264.824073919
967 282.811423036
968 249.104727362
969 258.308154773
970 282.329261518
971 274.814407603
972 264.588955241
973 249.458050537
974 255.544052388
975 255.486052223
976 262.439138727
977 257.844519262
978 274.438769406
979 273.037851781
980 289.905175866
981 269.505367122
982 270.279767688
983 260.379490252
984 271.164860367
985 255.857512374
986 275.51228542
987 287.969720636
988 316.933812437
989 319.505461049
990 291.971619102
991 283.96877422
992 278.935414742
993 284.25972364
994 270.835669601
995 298.906402363
996 300.178493127
997 313.161395107
998 308.538306561
999 321.771352576
1000 323.18688335
1001 320.027319298
1002 346.529719647
1003 345.28340991
1004 338.350011389
1005 325.544303163
1006 354.066653668
1007 343.852392018
1008 330.414716255
1009 331.057642257
1010 338.868675362
1011 321.682884248
1012 308.197352719
1013 336.2254106
1014 303.33355613
1015 307.939469831
1016 303.135104347
1017 354.523440007
1018 326.241075673
1019 339.228475386
1020 312.149006238
1021 344.594949564
1022 283.382902015
1023 300.704698402
1024 316.154825003
1025 307.992620556
1026 302.821197508
1027 323.834767503
1028 317.482598681
1029 328.139922771
1030 320.164139268
1031 298.599437805
1032 310.512923418
1033 302.724723843
1034 305.280414253
1035 324.409026093
1036 303.456022424
1037 298.744153125
1038 331.35638019
1039 350.40251886
1040 348.028523644
1041 341.102021884
1042 349.26912491
1043 344.962450522
1044 344.596828964
1045 326.888811784
1046 349.537033078
1047 350.990745353
1048 329.389702581
1049 332.583855292
1050 349.73849525
1051 349.722365287
1052 355.943751929
1053 340.763624783
1054 344.698050198
1055 354.30517604
1056 340.101183321
1057 328.29884222
1058 343.181658133
1059 358.162646913
1060 354.014798417
1061 341.065963396
1062 342.669049781
1063 331.106047554
1064 316.866427871
1065 340.726185625
1066 331.763897994
1067 313.728200492
1068 316.748654255
1069 299.183131445
1070 307.923392829
1071 301.312504781
1072 289.35157256
1073 321.631761943
1074 300.638174723
1075 312.4142773
1076 313.483717424
1077 305.132823416
1078 303.128871061
1079 314.299927373
1080 302.451416568
1081 295.563549866
1082 307.819315976
1083 288.378970524
1084 296.254684524
1085 307.300667734
1086 312.38109958
1087 304.549791959
1088 306.541736564
1089 316.912919724
1090 313.632499635
1091 323.218612376
1092 348.639557907
1093 343.967933948
1094 357.102143282
1095 355.856649272
1096 347.658949594
1097 350.502027322
1098 335.054461898
1099 348.751089747
1100 350.290234924
1101 343.871572529
1102 348.462474137
1103 329.098541023
1104 327.23625297
1105 343.722642575
1106 318.149810745
1107 332.140057494
1108 329.575907894
1109 347.105932887
1110 340.286990291
1111 342.037761684
1112 331.279556401
1113 353.61606057
1114 10.0293294649
1115 347.621574723
1116 334.654071048
1117 313.996587716
1118 316.415089462
1119 335.092029781
1120 327.649889076
1121 326.457378198
1122 347.714399078
1123 314.67221995
1124 314.404091532
1125 326.180362333
1126 323.19730816
1127 345.310469299
1128 303.849829338
1129 330.351212956
1130 295.224755535
1131 296.425516193
1132 303.514723782
1133 304.678107968
1134 309.00935644
1135 299.503000333
1136 315.252386986
1137 290.352660371
1138 280.100461839
1139 299.648021052
1140 291.046386362
1141 304.013362325
1142 304.288887104
1143 309.349029896
1144 320.187692462
1145 330.999280716
1146 322.833553295
1147 314.475641533
1148 311.916300118
1149 321.035977731
1150 313.825371723
1151 322.720632596
1152 335.728497789
1153 308.787861851
1154 305.766582419
1155 303.531608052
1156 297.43611711
1157 302.779513642
1158 276.801542498
1159 302.833546037
1160 302.779569387
1161 301.581936677
1162 300.692733801
1163 306.17850739
1164 278.586390045
1165 280.949179866
1166 293.832597497
1167 295.377304503
1168 298.893780396
1169 294.221061693
1170 298.293892408
1171 294.486378465
1172 290.534857905
1173 307.371378401
1174 303.329791319
1175 290.371610631
1176 287.045551525
1177 290.838733425
1178 265.042885675
1179 257.195085952
1180 264.660826328
1181 275.081800647
1182 259.77449105
1183 235.563625314
1184 255.752812953
1185 274.564062926
1186 302.487505683
1187 276.335324858
1188 284.699424695
1189 276.086847768
1190 277.380280596
1191 269.139703503
1192 294.772416203
1193 271.678056314
1194 278.919610142
1195 292.237006825
1196 294.711100829
1197 289.940863476
1198 267.297888937
1199 243.266518912
1200 249.626572163
1201 236.947184904
1202 239.447287549
1203 266.388108944
1204 256.40422957
1205 261.920526419
1206 256.706584096
1207 287.562538737
1208 284.9528283
1209 261.403535924
1210 264.33202627
1211 256.888468182
1212 268.238974156
1213 257.478417819
1214 255.076276143
1215 266.233192501
1216 245.917883901
1217 248.467270925
1218 258.735752567
1219 245.267328404
1220 261.960236559
1221 234.17714702
1222 262.931312688
1223 257.070644633
1224 236.770899473
1225 287.921390225
1226 275.570642649
1227 287.354504408
1228 289.477637728
1229 297.811261915
1230 288.28739487
1231 302.729938593
1232 280.409123798
1233 292.782519447
1234 294.442092349
1235 296.950585372
1236 304.443307899
1237 285.774019264
1238 280.696904315
1239 273.105366561
1240 258.813576167
1241 296.53240289
1242 292.043018201
1243 291.120837478
1244 296.577505564
1245 290.216951826
1246 300.725596262
1247 292.304704221
1248 313.958349465
1249 314.473083154
1250 320.944110528
1251 320.61627824
1252 316.949512152
1253 317.498490705
1254 314.24316975
1255 294.547560927
1256 303.281802846
1257 301.634579233
1258 279.82912524
1259 291.226450463
1260 304.271314462
1261 302.837616857
1262 299.395855677
1263 305.808653528
1264 294.584932952
1265 293.28760399
1266 296.548086764
1267 290.396029994
1268 298.390479249
1269 301.646975849
1270 301.628641641
1271 286.681567806
1272 287.539509519
1273 292.876048704
1274 270.321678794
1275 272.651410614
1276 280.85034425
1277 286.842551333
1278 286.30777219
1279 263.748493567
1280 269.197153647
1281 261.404041086
1282 263.079973475
1283 259.473665266
1284 266.684521007
1285 270.56588205
1286 279.834382636
1287 301.706014827
1288 292.106753146
1289 309.014932796
1290 312.132610009
1291 308.296856482
1292 316.442715937
1293 302.512683573
1294 295.3672238
1295 281.109774828
1296 292.305226624
1297 283.963310233
1298 266.863568371
1299 275.44522184
1300 267.91696972
1301 271.182608989
1302 293.739624418
1303 296.861966621
1304 286.388507138
1305 284.776873168
1306 287.668051148
1307 309.692025357
1308 298.712705434
1309 289.740850142
1310 299.218086736
1311 304.83908865
1312 298.362007027
1313 281.511703228
1314 290.406402934
1315 299.732546889
1316 275.900651856
1317 278.399941747
1318 292.942154697
1319 269.677923206
1320 253.870165976
1321 293.99275409
1322 282.604516889
1323 277.45397417
1324 260.950152608
1325 278.539031248
1326 272.485203942
1327 268.790952091
1328 264.260719544
1329 259.135496616
1330 254.431266122
1331 238.807152568
1332 254.499186286
1333 255.858341209
1334 265.259660076
1335 265.4029356
1336 272.615583877
1337 272.098266797
1338 283.056211826
1339 290.959354977
1340 275.331860761
1341 271.593897844
1342 268.501197428
1343 263.455670398
1344 276.871093847
1345 290.738990615
1346 297.637305945
1347 303.544569745
1348 290.517839476
1349 298.245672761
1350 296.444267229
1351 305.500739432
1352 293.62418963
1353 284.834130012
1354 294.151210213
1355 296.181177966
1356 297.119306543
1357 297.169640993
1358 288.532235696
1359 282.430828147
1360 290.734110325
1361 306.944334177
1362 302.775160564
1363 306.740774723
1364 293.134380057
1365 293.118922715
1366 286.790254729
1367 296.865286691
1368 290.771868177
1369 267.630111998
1370 283.393472268
1371 300.905252452
1372 291.320606727
1373 269.133612901
1374 271.350644043
1375 273.698490281
1376 274.22676377
1377 273.227807731
1378 271.766660817
1379 270.333591331
1380 282.27073235
1381 259.02715568
1382 273.726486112
1383 280.792486636
1384 275.414952757
1385 267.241925097
1386 277.150429314
1387 277.231680899
1388 283.872750099
1389 301.59607949
1390 294.85781765
1391 294.887178717
1392 296.31816169
1393 282.101388162
1394 288.19396986
1395 272.337882502
1396 278.642060097
1397 282.792641256
1398 271.553549404
1399 283.843113796
1400 270.914533732
1401 285.670778585
1402 298.210935399
1403 268.24706409
1404 274.726933084
1405 277.067075458
1406 298.571282164
1407 293.438472407
1408 305.460216876
1409 306.861132453
1410 287.72073441
1411 286.298039912
1412 284.726773178
1413 292.203216738
1414 289.590091016
1415 288.982886692
1416 285.258844565
1417 302.438820096
1418 303.414405888
1419 282.984711682
1420 280.748324609
1421 275.972539696
1422 269.158115252
1423 259.080874506
1424 249.624725814
1425 262.050409497
1426 260.662712954
1427 251.418952372
1428 257.325368667
1429 251.59105859
1430 263.659695454
1431 282.787942598
1432 291.49072613
1433 285.397469719
1434 280.88805953
1435 294.045032876
1436 294.269326881
1437 276.40392784
1438 269.583607581
1439 273.016492662
1440 262.897227362
1441 275.132785841
1442 263.898159393
1443 257.593271575
1444 256.539780184
1445 245.78099427
1446 273.274419287
1447 269.776120391
1448 274.844015845
1449 286.620413066
1450 293.736109075
1451 276.105544407
1452 297.753341341
1453 280.379020945
1454 286.660550436
1455 291.817696199
1456 302.223985731
1457 300.280368389
1458 286.104838275
1459 299.700820199
1460 282.864223043
1461 295.593347117
1462 295.030324636
1463 275.485485285
1464 284.082022866
1465 281.755158356
1466 281.46920543
1467 268.914632937
1468 270.242500581
1469 285.362413141
1470 291.931982696
1471 289.404403005
1472 256.606687229
1473 285.979023031
1474 260.66675174
1475 259.916283713
1476 279.963404463
1477 259.684638744
1478 286.899573623
1479 291.642552589
1480 288.238080335
1481 273.511181611
1482 296.323821978
1483 304.454689035
1484 315.969113668
1485 309.969201565
1486 305.266855424
1487 296.593387965
1488 296.000579184
1489 300.452865705
1490 293.214467037
1491 290.25072674
1492 280.170268992
1493 275.875123599
1494 285.659916223
1495 295.261030999
1496 281.540599145
1497 286.010678265
1498 266.685842955
1499 264.459454698
1500 293.217172955
1501 287.979985704
1502 289.686875493
1503 275.192782935
1504 282.085860432
1505 293.864177304
1506 278.241151394
1507 283.33100538
1508 252.203673386
1509 251.156895106
1510 258.505461585
1511 269.046697052
1512 265.277083579
1513 282.318272005
1514 290.881933522
1515 274.16067156
1516 289.968896011
1517 290.305382044
1518 273.503940463
1519 289.156334934
1520 291.175317304
1521 286.525502908
1522 292.384816112
1523 260.866931886
1524 264.159439047
1525 270.533276751
1526 274.049818063
1527 278.378172403
1528 268.876588628
1529 277.77927849
1530 282.107954977
1531 266.804152444
1532 247.941289316
1533 260.226226057
1534 249.215345652
1535 245.938784507
1536 262.722561537
1537 260.918634998
1538 251.603481226
1539 258.989488241
1540 254.519923921
1541 247.634210536
1542 258.443411955
1543 280.438886798
1544 277.487589462
1545 268.189356943
1546 254.265564392
1547 242.386651918
1548 236.166299521
1549 251.06968095
1550 268.24555247
1551 288.474220325
1552 270.385681309
1553 287.46826653
1554 306.74493812
1555 304.099477153
1556 303.928021856
1557 285.421372894
1558 286.412161105
1559 291.349357302
1560 290.618312003
1561 288.897718958
1562 313.14401396
1563 329.247453359
1564 325.435614607
1565 329.743523007
1566 343.296462509
1567 351.876750773
1568 313.854001783
1569 311.484290464
1570 272.40873394
1571 295.609182888
1572 297.481997017
1573 291.299695958
1574 290.651782098
1575 289.489209944
1576 265.318655307
1577 289.598872103
1578 287.944417179
1579 306.600874229
1580 296.984584914
1581 286.240336313
1582 294.416005092
1583 292.816093854
1584 296.838929365
1585 307.122445043
1586 303.785572612
1587 301.840228912
1588 304.020493565
1589 312.723849318
1590 306.721743167
1591 299.366482759
1592 309.833372389
1593 313.243720198
1594 306.021530848
1595 293.50646099
1596 296.444100084
1597 300.635555612
1598 287.027596897
1599 283.151615257
1600 263.357832829
1601 274.674939023
1602 279.513541707
1603 289.133636598
1604 280.604108398
1605 298.102517277
1606 270.988428462
1607 283.245040537
1608 292.074306174
1609 257.576585101
1610 277.558445801
1611 267.07343473
1612 246.466710084
1613 266.773480592
1614 268.329600848
1615 256.636587273
1616 249.212671748
1617 257.139957454
1618 265.35526499
1619 269.509785023
1620 275.483748929
1621 277.018610303
1622 274.660413155
1623 265.877235379
1624 266.472500229
1625 268.951419999
1626 277.622072133
1627 269.630597667
1628 247.049294659
1629 239.198425891
1630 261.967505252
1631 271.776670878
1632 268.617884944
1633 262.415561526
1634 263.108336737
1635 260.160969004
1636 268.087565931
1637 250.672801446
1638 243.203390282
1639 252.585873941
1640 245.535279759
1641 269.65338347
1642 261.193855266
1643 279.567231324
1644 255.089115475
1645 258.165905129
1646 262.621518517
1647 267.190817743
1648 257.329721332
1649 265.261300535
1650 260.094770172
1651 253.900119103
1652 251.509288168
1653 262.178195239
1654 260.5633964
1655 289.698182134
1656 288.223102484
1657 253.767118897
1658 252.643305166
1659 243.413690938
1660 261.903224092
1661 272.0979347
1662 266.058254833
1663 273.454746637
1664 285.560649654
1665 285.413058617
1666 290.392604985
1667 304.058275794
1668 295.432646424
1669 286.205317043
1670 298.147786884
1671 271.909005039
1672 245.590088414
1673 246.413349591
1674 253.344740629
1675 264.099900152
1676 264.348495148
1677 264.273133697
1678 290.663102719
1679 275.365463127
1680 289.779754994
1681 264.475732142
1682 282.624508431
1683 271.990162434
1684 273.302887933
1685 269.952664964
1686 263.220178469
1687 258.959281341
1688 258.720163599
1689 256.478905882
1690 244.19687582
1691 270.429044681
1692 249.190622697
1693 237.985009793
1694 248.914922385
1695 246.262501742
1696 271.913460241
1697 278.718394725
1698 254.46239737
1699 265.493951952
1700 277.666069216
1701 267.758686834
1702 287.082547851
1703 271.14117441
1704 273.02782926
1705 254.484101735
1706 279.320721746
1707 281.127862691
1708 288.066458673
1709 287.19908058
1710 286.485990695
1711 275.129350693
1712 276.455621813
1713 293.114295076
1714 272.988660333
1715 275.580931935
1716 288.384245582
1717 312.733867289
1718 283.815812191
1719 302.934643205
1720 305.137126367
1721 302.981452219
1722 310.140158244
1723 298.250311471
1724 308.049494579
1725 295.788460205
1726 313.074839743
1727 323.56420181
1728 312.146595613
1729 305.582839686
1730 298.827473103
1731 295.048272682
1732 305.105877273
1733 286.070577462
1734 298.866242952
1735 320.528291673
1736 312.600670578
1737 311.655873687
1738 300.08889462
1739 290.744425333
1740 307.291043178
1741 306.568023986
1742 287.521845743
1743 285.74176457
1744 296.003658974
1745 302.799283363
1746 300.544082158
1747 303.695518857
1748 287.953318487
1749 294.201759926
1750 294.843232017
1751 286.123923062
1752 300.910810639
1753 280.935021484
1754 310.741764003
1755 299.777314997
1756 317.651789595
1757 300.086728824
1758 302.382490329
1759 318.794816382
1760 309.90707461
1761 295.614817314
1762 305.556581376
1763 299.42478559
1764 307.258030555
1765 310.377035422
1766 316.758270472
1767 298.690259495
1768 298.130666329
1769 308.909527412
1770 288.08456613
1771 292.065217429
1772 302.830131551
1773 302.367388755
1774 286.556422355
1775 281.228504456
1776 291.48568707
1777 282.146247188
1778 315.462697342
1779 324.185247477
1780 331.101519
1781 323.469862957
1782 322.897900757
1783 310.363254987
1784 314.592639956
1785 299.999713169
1786 293.630806872
1787 288.722999681
1788 304.262834398
1789 304.042948693
1790 299.385053653
1791 296.479071582
1792 308.88479083
1793 314.420562742
1794 312.175209261
1795 310.631215979
1796 294.692547726
1797 301.858815993
1798 321.143926413
1799 327.714312984
1800 311.17785994
1801 336.930327738
1802 344.820905283
1803 307.377914139
1804 304.726748026
1805 307.745566969
1806 306.001075393
1807 288.549906075
1808 280.291620295
1809 292.244315946
1810 302.650885041
1811 277.733092038
1812 293.03341143
1813 301.880241062
1814 300.735742626
1815 300.996614268
1816 296.974563884
1817 296.775171935
1818 278.231264906
1819 300.866538971
1820 281.445910778
1821 299.120269185
1822 299.901698811
1823 287.375065145
1824 294.75128562
1825 284.508466162
1826 273.246167297
1827 292.337698069
1828 281.464979759
1829 293.031171567
1830 283.759542439
1831 299.422386232
1832 278.161323264
1833 268.316282107
1834 295.937435271
1835 310.189154565
1836 304.680871223
1837 301.560161204
1838 310.447177845
1839 317.526314177
1840 320.691274189
1841 305.235848046
1842 301.225510509
1843 299.541062608
1844 306.653200038
1845 309.251845598
1846 304.180218826
1847 314.281597468
1848 325.433925135
1849 317.994107145
1850 316.601040559
1851 312.322444547
1852 310.445886212
1853 297.075897989
1854 284.765511071
1855 298.974590472
1856 287.717027723
1857 301.318065066
1858 301.653903284
1859 327.449526676
1860 317.355785443
1861 299.402461859
1862 324.714210606
1863 307.468492806
1864 288.373685054
1865 277.971351066
1866 280.85214854
1867 291.303223384
1868 267.933441829
1869 259.797727039
1870 272.992147032
1871 305.198308965
1872 309.883940149
1873 308.432998141
1874 309.527923796
1875 298.935264681
1876 304.666735383
1877 300.722184156
1878 299.338172172
1879 308.84216589
1880 288.483321066
1881 301.429761333
1882 295.851742077
1883 304.900668348
1884 298.204553516
1885 304.579178326
1886 313.207218575
1887 292.553830247
1888 305.605404544
1889 295.181671815
1890 310.942617485
1891 310.828205804
1892 310.033813307
1893 319.260248939
1894 302.857091827
1895 312.091465565
1896 320.201253031
1897 299.612840785
1898 288.56379801
1899 297.557523217
1900 296.436311592
1901 279.936306516
1902 264.836004583
1903 269.882552513
1904 264.806397883
1905 279.618856679
1906 291.000342551
1907 271.816085484
1908 267.204038437
1909 279.20559514
1910 279.647511482
1911 290.004270431
1912 281.923664117
1913 282.416071201
1914 273.494722381
1915 282.836548292
1916 290.588985962
1917 286.792224047
1918 285.655323177
1919 306.303366109
1920 312.694460459
1921 297.103738396
1922 319.109811729
1923 315.235726659
1924 0.313951330052
1925 344.503233458
1926 312.867330831
1927 336.094974882
1928 337.514220406
1929 327.630852456
1930 295.096191676
1931 294.298328829
1932 281.118242063
1933 313.653617736
1934 300.730568308
1935 303.099287276
1936 300.516340937
1937 301.641220853
1938 308.999752286
1939 311.425670651
1940 330.349266004
1941 291.741401318
1942 297.953487924
1943 290.650906114
1944 303.688569008
1945 278.495142826
1946 306.475208995
1947 292.399267754
1948 310.559661407
1949 291.152859459
1950 301.16062539
1951 294.939019497
1952 281.758395148
1953 260.731806632
1954 257.18453505
1955 297.753335405
1956 281.469709135
1957 301.880588785
1958 308.501959481
1959 321.341683912
1960 273.332638958
1961 275.641256813
1962 242.724316914
1963 277.913522204
1964 280.132610948
1965 252.326278855
1966 240.297643799
1967 260.976566829
1968 246.86584353
1969 270.307401264
1970 241.453135958
1971 243.124849737
1972 243.776055323
1973 261.290641405
1974 265.16021981
1975 265.748492768
1976 275.198753957
1977 278.017224817
1978 241.37646578
1979 264.149935918
1980 261.512087864
1981 256.968333921
1982 257.109883394
1983 249.934491219
1984 251.43162253
1985 231.311772479
1986 236.275481508
1987 240.731327408
1988 240.117075076
1989 241.409198059
1990 254.449792171
1991 258.402946848
1992 250.022506152
1993 246.250313694
1994 242.555608173
1995 247.954656525
1996 271.368655238
1997 263.634752276
1998 271.562937778
1999 261.714853485
2000 280.971857696
2001 266.283213638
2002 257.259960633
2003 264.248395991
2004 243.695787288
2005 257.529916808
2006 269.086314174
2007 256.743973699
2008 264.446353356
2009 260.153303747
2010 270.322706799
2011 277.926333009
2012 275.393121214
2013 256.832425303
2014 264.808292051
2015 271.65060509
2016 280.011639268
2017 275.638479582
2018 275.224639747
2019 270.717223378
2020 264.719476811
2021 275.820486002
2022 251.950944609
2023 255.653481313
2024 246.817227935
2025 244.450061359
2026 253.141089711
2027 249.133900917
2028 254.302819234
2029 256.666299037
2030 282.489669661
2031 262.330967812
2032 279.395729308
2033 268.590314306
2034 272.976725644
2035 243.091895912
2036 266.402585543
2037 261.146289153
2038 265.208017936
2039 260.829798528
2040 268.71283521
2041 283.05918832
2042 275.647529285
2043 282.34838986
2044 261.90104782
2045 283.754255803
2046 282.243851736
2047 265.857494192
2048 268.579125445
2049 263.51882877
2050 258.795577699
2051 247.720841762
2052 265.333367588
2053 265.109693807
2054 262.38354546
2055 272.167619579
2056 268.200658047
2057 261.81793881
2058 282.944971041
2059 290.656799902
2060 293.321884131
2061 269.168692398
2062 275.071970825
2063 268.194276396
2064 269.27483429
2065 287.270358452
2066 272.54392422
2067 286.356999597
2068 280.747479956
2069 295.991978539
2070 300.478088719
2071 264.176666084
2072 272.329664741
2073 279.274826588
2074 284.100328919
2075 301.829832771
2076 287.794039033
2077 304.640401286
2078 290.854089887
2079 281.046032454
2080 281.317737853
2081 281.643970079
2082 274.549803987
2083 273.523218895
2084 279.941370502
2085 272.004946634
2086 276.275830833
2087 279.018835254
2088 279.232908576
2089 269.302539864
2090 283.962710845
2091 294.524446841
2092 287.795600027
2093 280.762591652
2094 286.88396656
2095 289.022362909
2096 285.468467906
2097 295.775705885
2098 290.730788372
2099 308.461959822
2100 282.099917969
2101 280.731758863
2102 305.49258977
2103 284.726293736
2104 269.009794441
2105 259.014705236
2106 262.135063084
2107 281.784320586
2108 267.632598973
2109 238.359842237
2110 252.632743307
2111 271.973191253
2112 260.454185727
2113 264.601891664
2114 264.126468699
2115 252.973478636
2116 270.910915822
2117 246.426419468
2118 272.268051559
2119 275.022303822
2120 278.851895194
2121 300.069955543
2122 287.088388394
2123 272.175330919
2124 276.927363966
2125 263.946972372
2126 263.013781243
2127 275.460661094
2128 289.45901735
2129 273.142905226
2130 273.806585176
2131 279.716126264
2132 249.534107657
2133 275.082513205
2134 261.065503206
2135 274.704880809
2136 294.226434891
2137 282.060661232
2138 279.255084419
2139 285.635617601
2140 276.071224437
2141 278.635532064
2142 279.456877249
2143 294.863599424
2144 280.525324012
2145 269.637544266
2146 286.365735469
2147 284.412453541
2148 284.368975381
2149 282.486727475
2150 285.745800035
2151 299.096988446
2152 302.271464633
2153 286.741879265
2154 281.079030953
2155 276.358786281
2156 267.613860547
2157 258.913291674
2158 288.348445644
2159 262.919152772
2160 288.740949599
2161 254.953417413
2162 276.674349372
2163 281.780495101
2164 268.217605632
2165 280.165953471
2166 273.002767733
2167 250.365891012
2168 267.319719818
2169 263.781648253
2170 262.391755527
2171 275.900191824
2172 278.646392682
2173 283.824450053
2174 284.669821167
2175 268.2060343
2176 252.76037122
2177 264.427218787
2178 264.432009
2179 274.938827395
2180 280.554223734
2181 269.363357705
2182 267.16464542
2183 274.105798458
2184 262.95223849
2185 274.831940977
2186 279.578150331
2187 287.858096191
2188 289.402500743
2189 290.917222572
2190 305.91630754
2191 283.829052956
2192 285.752670838
2193 296.795688663
2194 293.543288816
2195 294.503943896
2196 295.373869108
2197 300.549593282
2198 297.724494568
2199 296.271549776
2200 312.092802453
2201 287.953529087
2202 299.269232896
2203 295.833965937
2204 301.767338999
2205 297.560742624
2206 295.774470079
2207 289.52009408
2208 287.162855854
2209 280.394082312
2210 285.777287364
2211 284.978240925
2212 289.376466798
2213 297.757464333
2214 299.562892589
2215 301.099624269
2216 292.602450912
2217 291.436671448
2218 288.154084084
2219 304.557158259
2220 306.973789041
2221 286.48599984
2222 298.859208683
2223 291.899373938
2224 274.377265118
2225 282.080071383
2226 291.989719884
2227 293.76822148
2228 307.826908443
2229 316.647647936
2230 318.912977167
2231 321.279811292
2232 314.211103996
2233 335.916262091
2234 338.972047791
2235 303.912325406
2236 292.668138955
2237 298.214441644
2238 314.889196594
2239 301.208748441
2240 309.70065087
2241 315.347955574
2242 310.811864558
2243 306.914720375
2244 307.189597388
2245 313.691913069
2246 303.936807716
2247 316.881030459
2248 296.9952293
2249 298.331518225
2250 309.670929249
2251 309.43381646
2252 292.90472746
2253 303.147946421
2254 294.554694384
2255 297.503014068
2256 301.91668598
2257 310.643391271
2258 287.679024186
2259 296.203661057
2260 281.854059861
2261 285.347869999
2262 291.526221253
2263 296.49648781
2264 308.075166534
2265 293.6804301
2266 297.146208325
2267 287.472137251
2268 266.137132907
2269 266.800694038
2270 290.360979727
2271 297.864778377
2272 314.241034515
2273 292.909051522
2274 303.073068662
2275 311.144299224
2276 290.191154569
2277 299.614192449
2278 304.184960792
2279 301.635537921
2280 289.993106478
2281 275.6285157
2282 273.141792647
2283 264.830539711
2284 277.279638475
2285 290.129420162
2286 302.930612545
2287 308.997995012
2288 281.193510682
2289 277.619907246
2290 295.748683029
2291 298.830762472
2292 296.237238263
2293 296.773992406
2294 306.775218834
2295 332.36284655
2296 324.799391984
2297 299.286655288
2298 313.903584326
2299 312.070719265
2300 331.221541873
2301 302.176588177
2302 322.698431295
2303 304.977390711
2304 306.823380632
2305 315.624327202
2306 296.329341439
2307 306.890996573
2308 318.809900734
2309 309.877135316
2310 312.972858434
2311 304.975256864
2312 4.33507248603
2313 335.179343223
2314 310.343753661
2315 317.043834643
2316 315.441980878
2317 313.027536775
2318 310.585119808
2319 304.252221146
2320 319.746520366
2321 310.363835684
2322 315.450933086
2323 291.358367422
2324 287.554619185
2325 285.810591799
2326 279.861841572
2327 284.328207116
2328 271.490068434
2329 290.446449155
2330 284.664562572
2331 270.304088481
2332 269.322330803
2333 274.64755941
2334 284.466997055
2335 287.810448881
2336 273.483565053
2337 305.810207628
2338 302.68995827
2339 281.983813399
2340 266.9489858
2341 283.284474775
2342 266.34752159
2343 283.254640898
2344 262.919724932
2345 266.274071983
2346 290.990471579
2347 284.309421609
2348 306.330160237
2349 296.942492845
2350 287.589574311
2351 293.364314719
2352 298.354754553
2353 290.764582674
2354 289.878082236
2355 272.87329324
2356 290.522210401
2357 289.073973172
2358 284.55016212
2359 274.080123374
2360 274.345175128
2361 289.309902595
2362 282.345463436
2363 285.451653107
2364 290.727098308
2365 308.457899161
2366 285.546123634
2367 290.979222413
2368 270.080054684
2369 287.017263043
2370 298.759988808
2371 276.013130201
2372 275.916775592
2373 271.509132998
2374 265.078419106
2375 267.283759817
2376 265.198933597
2377 266.298995669
2378 265.030540899
2379 281.253884119
2380 272.954163642
2381 276.085209557
2382 268.202083334
2383 255.675477728
2384 262.305163034
2385 251.561424085
2386 242.249123522
2387 252.380442652
2388 248.569342943
2389 262.591746666
2390 262.545330019
2391 282.057049843
2392 258.26526892
2393 247.122224131
2394 278.711726185
2395 278.233316298
2396 283.283638083
2397 278.564383085
2398 282.229062502
2399 284.799979302
2400 301.55492043
2401 277.223481167
2402 287.997394941
2403 293.366558522
2404 302.508455721
2405 313.52520566
2406 308.468901493
2407 300.436614475
2408 291.669806465
2409 274.262468339
2410 285.629354209
2411 263.428689324
2412 264.286535328
2413 307.733566844
2414 272.494662134
2415 291.234233549
2416 302.523182275
2417 290.140091215
2418 302.396873024
2419 302.04113378
2420 297.365839361
2421 301.504067693
2422 300.429229671
2423 292.52549464
2424 305.271264031
2425 295.754765521
2426 299.48853985
2427 318.827656524
2428 309.837440202
2429 319.134774913
2430 336.432347483
2431 317.057804012
2432 303.804928172
2433 316.307713751
2434 314.989256924
2435 338.230387563
2436 340.410561971
2437 324.493135289
2438 325.574747458
2439 296.868555881
2440 323.079574859
2441 318.361288655
2442 319.82053284
2443 338.481159179
2444 334.630132129
2445 304.758493603
2446 295.647446907
2447 324.29358665
2448 320.526219521
2449 297.40612155
2450 299.721094135
2451 299.161908102
2452 304.827169651
2453 310.058808483
2454 304.014033429
2455 318.430887828
2456 298.84714284
2457 285.778175196
2458 299.7464718
2459 289.65475128
2460 302.849593278
2461 315.481711993
2462 307.409247905
2463 295.550509574
2464 300.034028705
2465 291.658924811
2466 298.071615494
2467 286.846491396
2468 307.942582262
2469 314.337342716
2470 305.495294398
2471 308.664051252
2472 318.787370325
2473 295.587932478
2474 304.557224279
2475 281.095827783
2476 265.427505524
2477 285.391723752
2478 290.277084929
2479 265.477201059
2480 267.858359165
2481 271.756539987
2482 282.05440284
2483 290.120925082
2484 313.686822094
2485 294.331840465
2486 294.704018965
2487 313.044770762
2488 293.506266863
2489 296.516368018
2490 283.723642459
2491 300.994037673
2492 288.703912226
2493 282.084087172
2494 301.848245911
2495 308.706401564
2496 295.468445096
2497 297.62340726
2498 278.376561735
2499 296.075221208
2500 299.81812098
2501 301.707234494
2502 308.825599105
2503 281.727822692
2504 287.045692776
2505 272.953654547
2506 264.176398579
2507 282.887571266
2508 254.463119629
2509 279.530378404
2510 267.012587398
2511 277.305008874
2512 286.304453443
2513 284.571781763
2514 274.78300927
2515 277.87269584
2516 306.249385491
2517 279.634385342
2518 284.845058865
2519 281.014938764
2520 300.129483259
2521 283.27227418
2522 275.533671845
2523 285.03148498
2524 280.175959037
2525 279.873780594
2526 283.597280847
2527 296.566009583
2528 306.985896432
2529 291.204650616
2530 292.365615924
2531 293.572267626
2532 294.270289538
2533 284.137469329
2534 280.684917222
2535 294.752445325
2536 258.032790532
2537 297.216736388
2538 294.520056704
2539 293.18445748
2540 296.194552405
2541 300.536343025
2542 293.886785448
2543 291.720934556
2544 298.913151564
2545 296.015637193
2546 306.248956853
2547 301.755581129
2548 278.089153969
2549 299.714978912
2550 303.935052798
2551 306.991196796
2552 287.703697783
2553 282.183113042
2554 271.509244643
2555 282.358288752
2556 256.637791765
2557 273.852076646
2558 267.619037274
2559 294.895444028
2560 285.736654203
2561 306.964775698
2562 296.488311702
2563 282.561237228
2564 280.641291171
2565 279.400272769
2566 283.65951071
2567 281.519028252
2568 286.734834221
2569 277.568062348
2570 284.969469719
2571 271.281977753
2572 270.65851232
2573 279.131799249
2574 301.550365968
2575 302.3220748
2576 305.720705337
2577 300.982041103
2578 280.719185155
2579 289.310232205
2580 292.570275825
2581 295.590044856
2582 299.714074327
2583 301.629280362
2584 297.670654699
2585 310.985022616
2586 292.71718567
2587 291.354153265
2588 301.873329382
2589 289.055697974
2590 303.206145868
2591 283.6876643
2592 272.429545309
2593 287.111122816
2594 298.529278234
2595 298.427152982
2596 293.830980218
2597 296.924755024
2598 298.317444049
2599 310.759988168
2600 311.73795604
2601 298.357766227
2602 297.548590346
2603 300.023127153
2604 287.449555517
2605 301.242360487
2606 291.984028466
2607 294.733456925
2608 285.067150823
2609 281.113655169
2610 281.158460577
2611 297.894093753
2612 302.378961395
2613 291.029101038
2614 304.296912894
2615 296.830729661
2616 301.795685963
2617 308.878166584
2618 309.628976531
2619 310.72563945
2620 297.745611608
2621 293.727749563
2622 281.47547098
2623 291.118483126
2624 303.726344184
2625 301.944325081
2626 314.637468843
2627 322.783375436
2628 292.513470397
2629 291.900916867
2630 291.87512019
2631 282.7561277
2632 300.435119385
2633 300.319062525
2634 280.026151587
2635 294.091165021
2636 295.568425836
2637 304.583781371
2638 292.013564733
2639 298.345566875
2640 313.856308604
2641 293.691670878
2642 295.79443566
2643 298.654058263
2644 290.227952232
2645 293.175536368
2646 275.887140349
2647 282.813179959
2648 287.093314564
2649 278.221916834
2650 282.963574252
2651 286.850471674
2652 283.668014158
2653 281.631829192
2654 285.816228889
2655 274.58850629
2656 280.237083181
2657 258.107547253
2658 258.302419624
2659 253.982548797
2660 243.132147808
2661 264.607258966
2662 229.196295348
2663 219.938005698
2664 240.482392116
2665 236.965418755
2666 261.753692577
2667 252.63046998
2668 252.001765794
2669 251.901797598
2670 250.817516924
2671 266.674854772
2672 268.161415729
2673 261.195993044
2674 267.843024171
2675 277.338559447
2676 267.86925434
2677 280.7081973
2678 261.718436735
2679 250.408691179
2680 239.775070912
2681 273.670463259
2682 278.755560966
2683 275.225718638
2684 261.16559356
2685 275.164876318
2686 291.060686924
2687 279.849952827
2688 272.999010448
2689 298.227265677
2690 282.382717699
2691 274.479224667
2692 293.896116838
2693 273.73188184
2694 279.60316629
2695 279.979654744
2696 275.360047636
2697 266.48723745
2698 266.378164733
2699 269.422397449
2700 282.623245509
2701 276.750833457
2702 284.650524762
2703 289.986977813
2704 299.801237322
2705 310.9190556
2706 310.807123777
2707 299.88984463
2708 287.770267755
2709 281.88085649
2710 290.237930194
2711 286.80411596
2712 291.718042898
2713 283.417075866
2714 293.207728944
2715 277.764791026
2716 276.206476609
2717 278.330581813
2718 278.019414762
2719 287.478788125
2720 280.90821627
2721 279.910920744
2722 272.366867388
2723 265.863238548
2724 276.649653943
2725 291.557813625
2726 278.71645851
2727 288.432938599
2728 289.929176681
2729 284.062298605
2730 267.296141785
2731 278.518335753
2732 286.537710551
2733 273.316207176
2734 274.169405861
2735 271.2446677
2736 259.068073104
2737 257.373559523
2738 258.77242694
2739 261.67479252
2740 264.277287093
2741 285.894673324
2742 264.262376395
2743 263.536811349
2744 283.599951426
2745 274.470629386
2746 253.455647511
2747 266.23314659
2748 253.210535229
2749 265.878241636
2750 262.181633518
2751 266.967631629
2752 268.1199288
2753 266.803326774
2754 286.241173036
2755 265.401251583
2756 261.643704225
2757 252.952458752
2758 258.520929765
2759 272.414719779
2760 258.203041415
2761 276.050380353
2762 261.173202034
2763 262.316635685
2764 268.963243048
2765 295.762105451
2766 296.222548599
2767 284.676331703
2768 288.370251252
2769 282.408977127
2770 289.564025391
2771 299.365602361
2772 294.153916935
2773 280.899978861
2774 282.121935429
2775 280.467631241
2776 287.122256513
2777 303.581925332
2778 291.605937975
2779 279.007343672
2780 246.189996456
2781 301.21456043
2782 312.693950004
2783 308.800926321
2784 308.167071969
2785 301.397002826
2786 300.617387191
2787 292.23241293
2788 281.961021054
2789 296.164747992
2790 316.909545568
2791 302.457589052
2792 297.937774574
2793 293.275490012
2794 306.209703776
2795 292.135042152
2796 289.342068957
2797 306.011568417
2798 302.002450656
2799 286.386871438
2800 317.219397178
2801 315.0474502
2802 311.85275508
2803 313.085142741
2804 288.953323106
2805 295.034558896
2806 294.553731276
2807 293.662002737
2808 312.129247245
2809 310.038944633
2810 304.068964492
2811 298.938547461
2812 290.07137472
2813 300.994630477
2814 305.633635735
2815 306.244870161
2816 299.208219721
2817 286.37577624
2818 306.167865994
2819 299.885323052
2820 280.089244028
2821 295.321742572
2822 283.724229257
2823 280.361444189
2824 280.082192881
2825 282.429222261
2826 292.532923165
2827 275.219947441
2828 281.571628139
2829 279.565486879
2830 262.918565039
2831 267.937720623
2832 247.891494569
2833 283.970625808
2834 281.595225308
2835 288.163924292
2836 293.560966829
2837 299.533774757
2838 285.234213545
2839 293.077267363
2840 285.203504572
2841 290.51697227
2842 285.62693419
2843 291.91362004
2844 270.87181547
2845 285.493985213
2846 279.631506297
2847 308.462488381
2848 286.596390117
2849 290.690813558
2850 280.427496507
2851 265.097815402
2852 294.337281108
2853 280.646000487
2854 285.922163056
2855 288.929933581
2856 284.942461992
2857 293.259041964
2858 285.068254455
2859 277.954840849
2860 291.227353567
2861 276.000775921
2862 268.232953919
2863 287.624969652
2864 267.205560408
2865 282.394052067
2866 272.979752504
2867 284.266346497
2868 272.476254633
2869 289.750842976
2870 298.17153559
2871 293.765398294
2872 267.088262541
2873 282.782699714
2874 306.16769005
2875 303.691351037
2876 310.201871313
2877 320.56826136
2878 320.272588097
2879 310.517233147
2880 316.279226138
2881 331.590120981
2882 329.698313232
2883 292.987559075
2884 263.909275017
2885 279.268711326
2886 271.940975645
2887 271.595320189
2888 294.575244063
2889 280.225680943
2890 269.179551754
2891 327.591245886
2892 270.607802245
2893 257.965695825
2894 264.090746173
2895 291.179836884
2896 290.055565669
2897 296.316988737
2898 297.102249419
2899 312.024550665
2900 336.566893331
2901 326.534687312
2902 322.872822981
2903 306.624831299
2904 312.433171047
2905 309.672263773
2906 328.17197597
2907 333.23389177
2908 340.120922064
2909 313.588348402
2910 307.595309764
2911 307.379797618
2912 317.413552503
2913 315.894451551
2914 311.214519428
2915 320.897612071
2916 317.716243697
2917 318.063845756
2918 311.249874284
2919 309.79725679
2920 319.37465689
2921 298.854471883
2922 309.691844755
2923 312.068053475
2924 309.918216911
2925 309.995344832
2926 301.542699877
2927 295.075852586
2928 297.265765078
2929 294.288182379
2930 291.972907546
2931 273.337717027
2932 282.276295935
2933 275.275959965
2934 243.536205485
2935 270.041278531
2936 261.454541895
2937 279.338029173
2938 301.546863797
2939 311.654448875
2940 302.846643453
2941 285.630807144
2942 314.047702957
2943 303.6212215
2944 322.759333083
2945 324.780651143
2946 313.94685278
2947 310.706689461
2948 333.144790469
2949 348.078306295
2950 345.874438486
2951 327.655104195
2952 304.807197559
2953 295.912779484
2954 270.380297554
2955 287.025285243
2956 319.424502089
2957 326.644925945
2958 335.798775915
2959 325.954753281
2960 325.424866988
2961 332.621542373
2962 333.328926498
2963 325.592197824
2964 339.950090852
2965 334.163676966
2966 338.922404476
2967 321.095256883
2968 320.764284872
2969 285.786503538
2970 268.159369807
2971 293.276033528
2972 285.044461474
2973 288.180851608
2974 299.355759532
2975 288.696339512
2976 311.769959481
2977 304.23520017
2978 312.999458165
2979 322.615926756
2980 315.666160627
2981 315.017638479
2982 343.150013234
2983 329.782826561
2984 302.866044101
2985 314.904479738
2986 318.64761248
2987 346.294655851
2988 328.772556018
2989 348.632399535
2990 328.906656287
2991 323.386817676
2992 318.000488506
2993 333.016608597
2994 310.120344813
2995 303.453651241
2996 314.485578404
2997 332.276873914
2998 294.536129036
2999 311.182100604
3000 295.934441425
3001 309.530079146
3002 296.959536009
3003 327.068805049
3004 320.750773402
3005 319.188310443
3006 320.592358902
3007 314.129822959
3008 324.8267851
3009 322.257011855
3010 331.769303375
3011 300.879410372
3012 302.880865707
3013 275.336680578
3014 309.022395127
3015 294.754205732
3016 327.77512627
3017 302.355960709
3018 305.742441369
3019 310.637854136
3020 325.83089705
3021 331.175993867
3022 320.539864368
3023 341.732852967
3024 335.580929263
3025 352.606800137
3026 355.053733956
3027 325.327372174
3028 346.291085892
3029 325.042815557
3030 340.260015178
3031 308.58060737
3032 305.299261706
3033 305.367649763
3034 297.51029636
3035 293.397214008
3036 300.856598606
3037 314.15050707
3038 318.26951273
3039 310.73935272
3040 312.935498225
3041 312.683068385
3042 300.532949608
3043 308.729575942
3044 308.527288948
3045 316.447993787
3046 313.058584626
3047 306.875692016
3048 326.369847517
3049 314.624315759
3050 319.029827709
3051 333.179899681
3052 318.31925875
3053 317.704211627
3054 323.471688571
3055 314.770699576
3056 343.394178291
3057 326.118403937
3058 310.398126174
3059 283.79634775
3060 291.620006389
3061 294.555725057
3062 281.130146333
3063 300.691937108
3064 269.216618877
3065 253.716572172
3066 257.868487136
3067 286.282646875
3068 289.445096244
3069 261.306373352
3070 298.699276391
3071 291.816324062
3072 285.53758862
3073 281.808849653
3074 299.064281417
3075 279.975280197
3076 294.460664575
3077 283.891477198
3078 290.52513254
3079 260.300752001
3080 241.427096191
3081 266.745745684
3082 261.967630084
3083 263.252068127
3084 254.995799873
3085 279.867972212
3086 264.493412097
3087 255.707294659
3088 254.016917804
3089 263.551098078
3090 256.894002169
3091 236.76967604
3092 249.386701335
3093 268.319070858
3094 281.292715741
3095 273.758171557
3096 284.592555797
3097 288.679628155
3098 300.803163035
3099 286.513721614
3100 266.832407881
3101 262.920648156
3102 268.038567465
3103 279.348910849
3104 288.967400044
3105 262.555416983
3106 253.32380251
3107 282.298319404
3108 278.420479415
3109 275.219225402
3110 270.828511594
3111 304.578250166
3112 291.856379825
3113 273.531734559
3114 294.972273485
3115 294.369983917
3116 281.786742442
3117 303.252615013
3118 297.418346758
3119 290.782151678
3120 318.152286817
3121 303.816623544
3122 266.230237387
3123 285.54717203
3124 294.438714097
3125 292.915668264
3126 292.586944562
3127 288.88576632
3128 279.508104922
3129 290.977736855
3130 272.093819406
3131 290.415923889
3132 273.926931361
3133 256.380258706
3134 263.960087287
3135 266.950305424
3136 283.697434603
3137 293.094222944
3138 271.575659189
3139 277.248289341
3140 274.303258272
3141 276.083496391
3142 277.30325402
3143 268.433628117
3144 264.861601534
3145 269.855199512
3146 269.346172472
3147 268.427536478
3148 290.558153007
3149 286.110568142
3150 294.021058883
3151 303.487638339
3152 298.340909409
3153 306.617152593
3154 293.793887041
3155 295.326436991
3156 304.549669181
3157 297.627630861
3158 274.863617747
3159 279.480332172
3160 283.107513844
3161 302.175733967
3162 280.914694939
3163 294.146652579
3164 280.251973615
3165 274.26729888
3166 275.688846193
3167 279.556232917
3168 277.526309142
3169 301.723510118
3170 296.350745334
3171 271.889958652
3172 286.05517813
3173 269.333586072
3174 288.612065211
3175 264.170935731
3176 274.211858722
3177 284.91092866
3178 266.351007724
3179 250.307616228
3180 252.059058732
3181 253.48666224
3182 257.676112538
3183 260.493275231
3184 297.267691166
3185 290.406500308
3186 286.399504155
3187 294.134834244
3188 303.245846852
3189 317.01080039
3190 294.337918662
3191 318.774074585
3192 304.478578245
3193 325.317536678
3194 310.25869729
3195 333.020289716
3196 288.147163926
3197 302.99430389
3198 298.693613931
3199 316.469242905
3200 315.9537391
3201 329.397820798
3202 318.799256583
3203 289.473786979
3204 307.665054364
3205 322.722090593
3206 295.851611827
3207 291.824395607
3208 281.077218041
3209 293.444415048
3210 278.844559345
3211 290.181302462
3212 283.486030607
3213 288.829525578
3214 281.894252682
3215 285.102070259
3216 311.55598311
3217 279.607632461
3218 289.056635726
3219 326.586897194
3220 312.267420354
3221 303.294178027
3222 286.960318901
3223 298.346317257
3224 285.480028068
3225 275.186528435
3226 291.815607334
3227 291.392835759
3228 292.270321473
3229 294.267957921
3230 301.241497804
3231 284.229883811
3232 289.984170159
3233 282.051789187
3234 286.440523044
3235 288.901561838
3236 296.952966892
3237 287.820240052
3238 322.101489399
3239 319.109093015
3240 338.977282078
3241 314.748127071
3242 316.437840141
3243 311.522604005
3244 311.340416466
3245 350.517697742
3246 299.74233624
3247 320.11558627
3248 323.722321718
3249 318.054090914
3250 328.696993627
3251 353.430459035
3252 347.768549992
3253 343.682686216
3254 338.352850432
3255 25.3804731509
3256 9.78472758242
3257 347.015447166
3258 336.952580723
3259 337.202637407
3260 309.75244445
3261 290.814754692
3262 305.682549465
3263 278.086577937
3264 279.10804501
3265 318.255347876
3266 287.939199873
3267 279.600015087
3268 304.504244715
3269 331.545513187
3270 290.318901133
3271 313.336811075
3272 348.549512942
3273 307.853612844
3274 321.896838165
3275 317.556453355
3276 314.579447294
3277 315.702599864
3278 299.972200995
3279 272.44266904
3280 295.202053701
3281 305.24188042
3282 278.923591216
3283 279.146390198
3284 316.919272373
3285 302.892156749
3286 321.565766837
3287 335.471082838
3288 323.923433913
3289 320.999169955
3290 313.460498694
3291 308.069984072
3292 309.134911036
3293 324.802592248
3294 320.321738105
3295 331.12023589
3296 320.608917151
3297 307.024241289
3298 289.888850061
3299 293.248774522
3300 306.78512919
3301 293.376462183
3302 279.944637974
3303 270.696602514
3304 271.152927147
3305 270.894912156
3306 255.253716985
3307 245.771449916
3308 271.355927129
3309 274.453846284
3310 267.954897518
3311 269.531317111
3312 267.554312891
3313 284.040685516
3314 302.847431209
3315 290.085190021
3316 283.773047001
3317 287.469186232
3318 291.311558757
3319 274.740682406
3320 275.250333731
3321 277.116006429
3322 277.435551782
3323 278.141208842
3324 271.038101598
3325 278.258269667
3326 269.078119074
3327 244.722320839
3328 259.793077004
3329 255.362343194
3330 259.51690005
3331 272.825997983
3332 284.682344592
3333 268.304416172
3334 250.285154312
3335 275.687928433
3336 272.128762123
3337 281.340640355
3338 271.257037909
3339 264.849426293
3340 256.209538819
3341 257.430720203
3342 264.912247579
3343 267.758768077
3344 262.335897614
3345 298.602232637
3346 295.143210395
3347 265.629055846
3348 286.406446206
3349 276.165983652
3350 275.258205282
3351 305.168695137
3352 294.184663263
3353 320.317583406
3354 303.159070542
3355 284.477492131
3356 290.841203713
3357 283.715219113
3358 286.467618633
3359 286.239549168
3360 249.565379867
3361 251.547192236
3362 247.136285315
3363 248.833836192
3364 252.879027462
3365 269.968339905
3366 239.4422848
3367 248.768188201
3368 237.855225949
3369 239.459604834
3370 223.362405635
3371 249.434143327
3372 249.006860296
3373 254.042438188
3374 263.606556222
3375 259.992364951
3376 268.282699784
3377 270.572213286
3378 260.981997689
3379 255.304090675
3380 261.83986762
3381 261.008019814
3382 250.166029599
3383 257.785778207
3384 274.516128625
3385 276.19133361
3386 253.618654658
3387 244.571747144
3388 243.790607704
3389 240.878446366
3390 238.29762559
3391 235.786089149
3392 230.390009172
3393 254.457927948
3394 219.890631597
3395 234.417768316
3396 222.959564939
3397 266.915614404
3398 256.029154052
3399 309.905407599
3400 285.113514324
3401 246.268639987
3402 244.626046893
3403 260.076208316
3404 215.1324235
3405 268.867490519
3406 292.570990257
3407 268.019411696
3408 244.807732514
3409 263.713173411
3410 236.021655635
3411 220.968664525
3412 238.972009252
3413 221.743904882
3414 242.280687323
3415 267.990717734
3416 247.00595039
3417 233.305759836
3418 251.602566164
3419 240.916743239
3420 246.358435513
3421 240.895476227
3422 250.256726679
3423 248.537457826
3424 240.284039833
3425 248.170296074
3426 236.586894758
3427 249.08750565
3428 222.627489765
3429 201.550128193
3430 233.250047598
3431 206.527227386
3432 187.009378727
3433 177.665616025
3434 202.190342282
3435 200.754584129
3436 206.418273743
3437 203.321462648
3438 218.90337275
3439 223.341243679
3440 216.957816297
3441 210.778039059
3442 217.584730368
3443 216.185825042
3444 219.1306504
3445 179.967711019
3446 201.824627475
3447 194.19039483
3448 196.748732128
3449 215.68104324
3450 207.882612383
3451 188.99807489
3452 200.329283816
3453 247.011703865
3454 236.962936084
3455 224.780848158
3456 235.086556003
3457 212.597428831
3458 222.24856118
3459 223.015641122
3460 227.761336637
3461 246.775793742
3462 218.655222685
3463 244.515683837
3464 215.468125915
3465 213.656761097
3466 222.096624364
3467 244.987342677
3468 251.210912192
3469 237.585483008
3470 249.025160168
3471 259.23318587
3472 265.884836468
3473 272.937707043
3474 261.413387019
3475 240.44822486
3476 266.869689212
3477 271.460607976
3478 293.111982018
3479 291.718330951
3480 275.807857183
3481 300.902849964
3482 298.349659417
3483 282.958835851
3484 301.330663486
3485 289.769179678
3486 292.035834352
3487 288.804320018
3488 311.976264106
3489 299.632478995
3490 302.538733305
3491 282.815186521
3492 291.89801841
3493 306.963132792
3494 304.700225472
3495 288.782509551
3496 280.844022153
